Image_Index	PSNR	SSIM	MS-SSIM	VIF	MEF-SSIM
0	7.3121	0.5599	0.7082	0.4084	0.3893
1	7.1220	0.7396	0.8900	0.2842	0.4650
2	8.1991	0.5248	0.6475	0.2500	0.5419
3	7.8206	0.4171	0.5945	0.3425	0.5346
4	8.4903	0.7291	0.7726	0.5540	0.6001
5	8.5331	0.6640	0.8023	0.5041	0.7210
6	9.3182	0.6783	0.8146	0.4062	0.8293
7	12.8946	0.9062	0.9756	1.0082	0.9166
8	8.0790	0.6394	0.7705	0.3508	0.5056
9	8.3291	0.6961	0.8422	0.6950	0.6882
10	12.1662	0.7647	0.8642	0.5602	0.6907
11	11.1741	0.7933	0.9232	0.6840	0.7813
12	9.4827	0.7613	0.8813	0.5102	0.3054
13	9.0171	0.8682	0.9586	0.5778	0.7071
14	10.0697	0.6875	0.8278	0.2800	0.4704
15	15.1985	0.7698	0.8224	0.4419	0.5885
16	10.6362	0.7091	0.8017	0.4727	0.6202
17	8.6868	0.7468	0.7644	0.4352	0.3503
18	6.6121	0.5270	0.3953	0.0013	0.0145
19	12.4263	0.9256	0.9596	0.9350	0.5884
20	6.7031	0.6795	0.7070	0.0085	0.0930
21	8.8867	0.5864	0.6569	0.2993	0.7763
22	16.6109	0.8680	0.9509	0.7106	0.9536
23	7.9024	0.3845	0.4790	0.1111	0.5932
24	7.0439	0.5652	0.7202	0.2204	0.6100
25	12.2855	0.9301	0.9500	0.8209	0.5901
26	8.3609	0.7685	0.7999	0.5002	0.4707
27	18.1275	0.9028	0.9627	0.7691	0.8046
0	18.4561	0.9292	0.9691	0.9012	0.5323
28	10.6201	0.6708	0.7784	0.4122	0.6799
29	10.2595	0.8953	0.9297	1.0152	0.5227
1	18.8613	0.9476	0.9687	0.7100	0.2474
30	16.1562	0.9163	0.9621	0.8638	0.9644
2	21.7902	0.8778	0.9331	0.7094	0.1849
3	24.2458	0.9523	0.9796	0.8702	0.6770
4	20.0617	0.8751	0.9350	0.7591	0.5402
31	14.4274	0.9199	0.9481	0.8741	0.7144
5	21.4708	0.9231	0.9523	0.7253	0.6575
32	17.1030	0.9692	0.9889	0.9914	0.8417
6	19.4154	0.8955	0.9618	0.8462	0.7735
33	10.3574	0.6671	0.9200	0.5078	0.9428
7	16.9349	0.7521	0.8893	0.5414	0.4636
34	12.8370	0.8881	0.9652	0.7139	0.9900
8	22.5383	0.9452	0.9725	0.8808	0.7059
35	8.3650	0.7536	0.8424	0.3291	0.5849
9	24.2543	0.9386	0.9686	0.7475	0.6300
36	13.0010	0.8704	0.9730	0.8477	0.9946
10	21.0811	0.8473	0.9219	0.5699	0.4783
37	17.6551	0.9342	0.9746	0.9373	0.9815
11	23.3405	0.8750	0.9382	0.5934	0.5296
38	13.8745	0.8942	0.9655	0.9517	0.9862
12	18.4543	0.9410	0.9728	0.8902	0.3421
39	13.7050	0.9106	0.9604	0.8674	0.9676
13	14.2205	0.8765	0.9656	0.5798	0.3311
40	12.7034	0.9227	0.9702	0.9138	0.7398
41	14.6388	0.9032	0.9695	1.0746	0.9802
14	24.8527	0.9166	0.9519	0.7555	0.2241
15	22.1620	0.8294	0.9113	0.5932	0.1428
42	10.8904	0.8662	0.9611	0.8270	0.7394
43	8.6571	0.6209	0.6810	0.1978	0.5888
44	9.6266	0.3242	0.3132	0.0242	0.5069
16	22.8426	0.8647	0.9021	0.5222	0.4531
45	10.2502	0.4437	0.4708	0.0609	0.5184
17	11.8997	0.8010	0.8873	0.8208	0.1815
18	11.4430	0.8640	0.9300	0.9424	0.1262
19	13.2025	0.7368	0.8525	0.6736	0.2816
46	7.0766	0.4868	0.6383	0.2261	0.6217
20	18.8901	0.8272	0.7973	0.4647	0.0452
47	8.1421	0.3988	0.3986	0.0514	0.4560
21	11.9853	0.5401	0.7664	0.4855	0.1750
48	8.6091	0.4746	0.4597	0.0966	0.4040
22	11.4964	0.2021	0.6578	0.3711	0.1492
49	10.7567	0.4924	0.5424	0.0212	0.3984
23	11.1385	0.4752	0.7182	0.3783	0.2512
50	7.4447	0.4663	0.4461	0.0736	0.4416
51	9.7703	0.5220	0.5704	0.0429	0.3760
24	17.8561	0.6218	0.7325	0.1771	0.1821
52	6.8396	0.0611	0.0925	0.0338	0.7151
25	9.2777	0.5168	0.7787	0.4491	0.1805
53	10.0326	0.3066	0.2723	0.0468	0.6419
26	12.4205	0.7352	0.8893	0.5721	0.2850
54	11.3329	0.5568	0.6357	0.0454	0.3850
55	9.3024	0.7339	0.8498	0.6243	0.6295
27	10.9124	0.2318	0.6992	0.6392	0.1137
56	6.3696	0.6022	0.7161	0.1764	0.5478
28	12.7933	0.5260	0.7673	0.7648	0.2282
57	9.7144	0.4249	0.5315	0.0559	0.6319
29	10.7353	0.6025	0.8171	0.0969	0.1669
58	7.6025	0.6104	0.7467	0.2430	0.5908
30	12.7002	0.3854	0.7357	0.3685	0.3485
31	11.5801	0.5760	0.7747	0.3123	0.3815
32	13.3446	0.6502	0.8205	0.3859	0.3039
33	13.0230	0.7179	0.9275	0.2881	0.5263
34	10.5443	0.6472	0.9056	0.3927	0.5817
35	20.8922	0.9521	0.9635	0.9993	0.5254
36	10.5097	0.6097	0.8946	0.2809	0.6438
37	13.5334	0.3456	0.7601	0.2046	0.2936
38	11.0738	0.6521	0.8178	0.2930	0.6339
39	10.9296	0.6466	0.8374	0.3081	0.6457
40	11.3944	0.5820	0.8192	0.2260	0.3958
41	11.2049	0.5554	0.8153	0.2719	0.4294
42	14.9182	0.9074	0.9725	0.8194	0.7411
43	16.4852	0.8381	0.9386	0.9525	0.5995
44	13.7058	0.3128	0.3850	0.0685	0.0144
45	14.4655	0.4765	0.4770	0.0728	0.0376
46	7.9490	0.1736	0.5361	0.2869	0.0806
47	14.1693	0.4469	0.4985	0.1503	0.0291
48	15.0980	0.5191	0.5211	0.1123	0.0387
49	14.7114	0.5136	0.5525	0.0423	0.0758
50	15.0650	0.5334	0.4908	0.1051	0.0507
51	13.8536	0.5596	0.5743	0.0441	0.0314
52	11.4659	0.0647	0.1152	0.0550	0.0017
53	15.6704	0.5364	0.6612	0.2484	0.0321
54	16.6513	0.5641	0.5415	0.0247	0.0174
55	14.2415	0.6640	0.8481	0.5207	0.2162
56	21.0784	0.9637	0.9785	0.9063	0.6166
57	17.4944	0.6922	0.8282	0.6259	0.0420
58	22.6319	0.8958	0.9491	0.8544	0.5372
0	8.2530	0.3941	0.7039	0.1348	0.7323
1	10.8021	0.5348	0.8368	0.3419	0.6333
2	7.7058	0.2114	0.5502	0.0391	0.5267
3	7.1142	0.2213	0.5726	0.1255	0.6732
4	7.0958	0.2456	0.5871	0.0801	0.5058
5	7.4517	0.2784	0.6119	0.0577	0.5439
6	7.9049	0.2248	0.5407	0.2201	0.4914
7	9.2072	0.3321	0.6822	0.1719	0.3672
8	9.3819	0.4565	0.7428	0.2879	0.6796
9	7.7685	0.2894	0.6310	0.1005	0.5896
10	10.4678	0.4242	0.7047	0.3108	0.4632
11	10.8968	0.4488	0.7229	0.1761	0.5028
12	10.9880	0.4962	0.6411	0.0673	0.5785
13	6.3238	0.2127	0.7397	0.0398	0.3562
14	10.9415	0.4878	0.7239	0.1200	0.5122
15	10.2659	0.4189	0.6731	0.0635	0.4448
16	10.9328	0.5127	0.7576	0.2402	0.6224
17	8.2567	0.4028	0.7256	0.1324	0.6591
18	6.6733	0.2538	0.5101	0.0396	0.9753
19	11.6309	0.4655	0.6393	0.2291	0.4650
20	6.0154	0.1734	0.6212	0.0077	0.8854
21	6.6059	0.0417	0.2768	0.0138	0.2398
22	9.1730	0.0259	0.3986	0.0402	0.0686
23	5.3737	0.0661	0.3090	0.0172	0.4309
24	10.2153	0.2468	0.5848	0.2264	0.4615
25	7.2447	0.2657	0.5978	0.0730	0.3941
26	5.8349	0.1310	0.5493	0.0254	0.5312
27	8.4143	0.0305	0.4575	0.0583	0.2253
28	6.2713	0.0680	0.3303	0.0287	0.3535
29	6.1070	0.1400	0.5934	0.0126	0.4673
30	8.4214	0.0800	0.4257	0.0674	0.1340
31	8.1615	0.2902	0.5549	0.0532	0.3824
32	7.1954	0.2884	0.6458	0.0430	0.2737
33	6.6599	0.1391	0.6668	0.0028	0.2019
34	6.3227	0.1842	0.6351	0.0243	0.1116
35	6.8911	0.2712	0.7078	0.1248	0.5573
36	6.3938	0.1731	0.6856	0.0215	0.0390
37	9.3709	0.0677	0.4892	0.0282	0.0796
38	6.5140	0.1525	0.3919	0.0229	0.2700
39	6.5627	0.1838	0.4759	0.0250	0.2855
40	7.7095	0.2832	0.6119	0.0189	0.3986
41	6.8541	0.1526	0.5095	0.0237	0.1232
42	8.2355	0.3973	0.7074	0.0923	0.6124
43	6.7281	0.2438	0.6116	0.2447	0.5240
44	7.8047	0.1926	0.3633	0.0138	0.4979
45	10.7378	0.3977	0.4578	0.0310	0.4792
46	6.0592	0.0325	0.3021	0.0102	0.3826
47	8.0612	0.3063	0.3868	0.0124	0.5485
48	11.0438	0.3625	0.5681	0.1040	0.6062
49	9.6266	0.4110	0.5627	0.0137	0.6325
50	10.5406	0.3110	0.4912	0.1057	0.5635
51	10.0370	0.4276	0.5806	0.0187	0.6010
52	9.5502	0.0410	0.1313	0.0229	0.2869
53	9.7784	0.2731	0.3266	0.0160	0.3582
54	10.3523	0.4184	0.5537	0.0109	0.6099
55	6.6677	0.1058	0.5318	0.1249	0.3919
56	8.7623	0.3527	0.6180	0.1032	0.6375
57	8.5351	0.2133	0.5058	0.0435	0.3996
58	7.5496	0.2434	0.6056	0.1209	0.5229
